+-----------------------------------------------------------------------------------------------------------------------------------------------------------------------------------------------------------------------------------+
; Legal Partition Candidates                                                                                                                                                                                                        ;
+------------------------------+-------+----------------+--------------+----------------+--------+-----------------+---------------+-----------------+-------+----------------+--------------+------------------+-------------------+
; Hierarchy                    ; Input ; Constant Input ; Unused Input ; Floating Input ; Output ; Constant Output ; Unused Output ; Floating Output ; Bidir ; Constant Bidir ; Unused Bidir ; Input only Bidir ; Output only Bidir ;
+------------------------------+-------+----------------+--------------+----------------+--------+-----------------+---------------+-----------------+-------+----------------+--------------+------------------+-------------------+
; u_p2_display                 ; 4     ; 0              ; 0            ; 0              ; 7      ; 0               ; 0             ; 0               ; 0     ; 0              ; 0            ; 0                ; 0                 ;
; u_p1_display                 ; 4     ; 0              ; 0            ; 0              ; 7      ; 0               ; 0             ; 0               ; 0     ; 0              ; 0            ; 0                ; 0                 ;
; u_vid|row[3].col[3].u_cursor ; 60    ; 40             ; 0            ; 40             ; 1      ; 40              ; 40            ; 40              ; 0     ; 0              ; 0            ; 0                ; 0                 ;
; u_vid|row[3].col[3].u_card   ; 60    ; 40             ; 0            ; 40             ; 1      ; 40              ; 40            ; 40              ; 0     ; 0              ; 0            ; 0                ; 0                 ;
; u_vid|row[3].col[2].u_cursor ; 60    ; 40             ; 0            ; 40             ; 1      ; 40              ; 40            ; 40              ; 0     ; 0              ; 0            ; 0                ; 0                 ;
; u_vid|row[3].col[2].u_card   ; 60    ; 40             ; 0            ; 40             ; 1      ; 40              ; 40            ; 40              ; 0     ; 0              ; 0            ; 0                ; 0                 ;
; u_vid|row[3].col[1].u_cursor ; 60    ; 40             ; 0            ; 40             ; 1      ; 40              ; 40            ; 40              ; 0     ; 0              ; 0            ; 0                ; 0                 ;
; u_vid|row[3].col[1].u_card   ; 60    ; 40             ; 0            ; 40             ; 1      ; 40              ; 40            ; 40              ; 0     ; 0              ; 0            ; 0                ; 0                 ;
; u_vid|row[3].col[0].u_cursor ; 60    ; 40             ; 0            ; 40             ; 1      ; 40              ; 40            ; 40              ; 0     ; 0              ; 0            ; 0                ; 0                 ;
; u_vid|row[3].col[0].u_card   ; 60    ; 40             ; 0            ; 40             ; 1      ; 40              ; 40            ; 40              ; 0     ; 0              ; 0            ; 0                ; 0                 ;
; u_vid|row[2].col[3].u_cursor ; 60    ; 40             ; 0            ; 40             ; 1      ; 40              ; 40            ; 40              ; 0     ; 0              ; 0            ; 0                ; 0                 ;
; u_vid|row[2].col[3].u_card   ; 60    ; 40             ; 0            ; 40             ; 1      ; 40              ; 40            ; 40              ; 0     ; 0              ; 0            ; 0                ; 0                 ;
; u_vid|row[2].col[2].u_cursor ; 60    ; 40             ; 0            ; 40             ; 1      ; 40              ; 40            ; 40              ; 0     ; 0              ; 0            ; 0                ; 0                 ;
; u_vid|row[2].col[2].u_card   ; 60    ; 40             ; 0            ; 40             ; 1      ; 40              ; 40            ; 40              ; 0     ; 0              ; 0            ; 0                ; 0                 ;
; u_vid|row[2].col[1].u_cursor ; 60    ; 40             ; 0            ; 40             ; 1      ; 40              ; 40            ; 40              ; 0     ; 0              ; 0            ; 0                ; 0                 ;
; u_vid|row[2].col[1].u_card   ; 60    ; 40             ; 0            ; 40             ; 1      ; 40              ; 40            ; 40              ; 0     ; 0              ; 0            ; 0                ; 0                 ;
; u_vid|row[2].col[0].u_cursor ; 60    ; 40             ; 0            ; 40             ; 1      ; 40              ; 40            ; 40              ; 0     ; 0              ; 0            ; 0                ; 0                 ;
; u_vid|row[2].col[0].u_card   ; 60    ; 40             ; 0            ; 40             ; 1      ; 40              ; 40            ; 40              ; 0     ; 0              ; 0            ; 0                ; 0                 ;
; u_vid|row[1].col[3].u_cursor ; 60    ; 40             ; 0            ; 40             ; 1      ; 40              ; 40            ; 40              ; 0     ; 0              ; 0            ; 0                ; 0                 ;
; u_vid|row[1].col[3].u_card   ; 60    ; 40             ; 0            ; 40             ; 1      ; 40              ; 40            ; 40              ; 0     ; 0              ; 0            ; 0                ; 0                 ;
; u_vid|row[1].col[2].u_cursor ; 60    ; 40             ; 0            ; 40             ; 1      ; 40              ; 40            ; 40              ; 0     ; 0              ; 0            ; 0                ; 0                 ;
; u_vid|row[1].col[2].u_card   ; 60    ; 40             ; 0            ; 40             ; 1      ; 40              ; 40            ; 40              ; 0     ; 0              ; 0            ; 0                ; 0                 ;
; u_vid|row[1].col[1].u_cursor ; 60    ; 40             ; 0            ; 40             ; 1      ; 40              ; 40            ; 40              ; 0     ; 0              ; 0            ; 0                ; 0                 ;
; u_vid|row[1].col[1].u_card   ; 60    ; 40             ; 0            ; 40             ; 1      ; 40              ; 40            ; 40              ; 0     ; 0              ; 0            ; 0                ; 0                 ;
; u_vid|row[1].col[0].u_cursor ; 60    ; 40             ; 0            ; 40             ; 1      ; 40              ; 40            ; 40              ; 0     ; 0              ; 0            ; 0                ; 0                 ;
; u_vid|row[1].col[0].u_card   ; 60    ; 40             ; 0            ; 40             ; 1      ; 40              ; 40            ; 40              ; 0     ; 0              ; 0            ; 0                ; 0                 ;
; u_vid|row[0].col[3].u_cursor ; 60    ; 40             ; 0            ; 40             ; 1      ; 40              ; 40            ; 40              ; 0     ; 0              ; 0            ; 0                ; 0                 ;
; u_vid|row[0].col[3].u_card   ; 60    ; 40             ; 0            ; 40             ; 1      ; 40              ; 40            ; 40              ; 0     ; 0              ; 0            ; 0                ; 0                 ;
; u_vid|row[0].col[2].u_cursor ; 60    ; 40             ; 0            ; 40             ; 1      ; 40              ; 40            ; 40              ; 0     ; 0              ; 0            ; 0                ; 0                 ;
; u_vid|row[0].col[2].u_card   ; 60    ; 40             ; 0            ; 40             ; 1      ; 40              ; 40            ; 40              ; 0     ; 0              ; 0            ; 0                ; 0                 ;
; u_vid|row[0].col[1].u_cursor ; 60    ; 40             ; 0            ; 40             ; 1      ; 40              ; 40            ; 40              ; 0     ; 0              ; 0            ; 0                ; 0                 ;
; u_vid|row[0].col[1].u_card   ; 60    ; 40             ; 0            ; 40             ; 1      ; 40              ; 40            ; 40              ; 0     ; 0              ; 0            ; 0                ; 0                 ;
; u_vid|row[0].col[0].u_cursor ; 60    ; 40             ; 0            ; 40             ; 1      ; 40              ; 40            ; 40              ; 0     ; 0              ; 0            ; 0                ; 0                 ;
; u_vid|row[0].col[0].u_card   ; 60    ; 40             ; 0            ; 40             ; 1      ; 40              ; 40            ; 40              ; 0     ; 0              ; 0            ; 0                ; 0                 ;
; u_vid                        ; 41    ; 0              ; 0            ; 0              ; 24     ; 0               ; 0             ; 0               ; 0     ; 0              ; 0            ; 0                ; 0                 ;
; u_fsm                        ; 14    ; 0              ; 0            ; 0              ; 26     ; 0               ; 0             ; 0               ; 0     ; 0              ; 0            ; 0                ; 0                 ;
; u_score                      ; 4     ; 0              ; 0            ; 0              ; 8      ; 0               ; 0             ; 0               ; 0     ; 0              ; 0            ; 0                ; 0                 ;
; u_tracker                    ; 11    ; 0              ; 0            ; 0              ; 17     ; 0               ; 0             ; 0               ; 0     ; 0              ; 0            ; 0                ; 0                 ;
; u_matcher                    ; 8     ; 0              ; 0            ; 0              ; 1      ; 0               ; 0             ; 0               ; 0     ; 0              ; 0            ; 0                ; 0                 ;
; u_pos_reg                    ; 17    ; 0              ; 0            ; 0              ; 8      ; 0               ; 0             ; 0               ; 0     ; 0              ; 0            ; 0                ; 0                 ;
; u_cursor                     ; 24    ; 0              ; 0            ; 0              ; 5      ; 0               ; 0             ; 0               ; 0     ; 0              ; 0            ; 0                ; 0                 ;
; u_random                     ; 18    ; 0              ; 0            ; 0              ; 8      ; 0               ; 0             ; 0               ; 0     ; 0              ; 0            ; 0                ; 0                 ;
; u_timer|u_tens               ; 4     ; 0              ; 0            ; 0              ; 7      ; 0               ; 0             ; 0               ; 0     ; 0              ; 0            ; 0                ; 0                 ;
; u_timer|u_units              ; 4     ; 0              ; 0            ; 0              ; 7      ; 0               ; 0             ; 0               ; 0     ; 0              ; 0            ; 0                ; 0                 ;
; u_timer                      ; 3     ; 0              ; 0            ; 0              ; 15     ; 0               ; 0             ; 0               ; 0     ; 0              ; 0            ; 0                ; 0                 ;
; u_ctrl                       ; 2     ; 0              ; 0            ; 0              ; 24     ; 0               ; 0             ; 0               ; 0     ; 0              ; 0            ; 0                ; 0                 ;
; u_pix                        ; 2     ; 0              ; 0            ; 0              ; 1      ; 0               ; 0             ; 0               ; 0     ; 0              ; 0            ; 0                ; 0                 ;
+------------------------------+-------+----------------+--------------+----------------+--------+-----------------+---------------+-----------------+-------+----------------+--------------+------------------+-------------------+
